,step,idx,x,y,vx,vy,ax,ay,TTC,laneid,attribute,veh_type
0,160707,15,1197.77001953125,-191.61837768554688,18.162975311279297,-8.51876163482666,-0.162353515625,0.07166862487792969,99999.0,-1,5,3
1,160707,0,1635.0787353515625,-283.4013671875,29.591171264648438,0.058522965759038925,1.5253448486328125,0.04102662205696106,99999.0,-2,1,1
2,160707,1,828.8217163085938,-59.12741470336914,26.400392532348633,-3.1174838542938232,1.4686965942382812,-0.8781957626342773,99999.0,-3,1,2
3,160707,2,1541.24609375,-286.66387939453125,28.837987899780273,-1.1197559833526611,-0.601806640625,1.1753582954406738,16.904932737102722,-1,1,1
4,160707,3,0.0,0.0,0.0,0.0,0.0,0.0,99999.0,-1,1,3
5,160707,4,1570.73046875,-283.8913269042969,30.582311630249023,0.0703691691160202,1.3732719421386719,1.4185662269592285,64.9230943166751,-2,1,2
6,160707,5,1643.01806640625,-279.7759704589844,24.172897338867188,-0.025210076943039894,1.3437461853027344,-0.4747017025947571,99999.0,-3,1,2
7,160707,6,1527.2025146484375,-279.02801513671875,24.96661376953125,-0.8932422995567322,-0.4099273681640625,0.791667103767395,54.522129379074585,-3,1,1
8,160707,7,1578.5677490234375,-287.1994934082031,26.648820877075195,0.2552250325679779,1.4731979370117188,0.4031538963317871,-469.7718818577544,-1,1,1
9,160707,8,1326.3426513671875,-239.46826171875,22.69583511352539,-7.689736366271973,0.6937980651855469,1.1423206329345703,99999.0,-3,2,2
10,160707,9,1678.170166015625,-286.8727722167969,26.86089515686035,0.015179566107690334,-5.400485992431641,-0.023339716717600822,99999.0,-1,2,2
11,160707,10,934.1261596679688,-81.9981689453125,29.569414138793945,-7.355522155761719,0.6489372253417969,-1.2624549865722656,99999.0,-2,2,3
12,160707,11,1571.532470703125,-280.0168151855469,24.153539657592773,0.010829661972820759,-5.252723693847656,0.5296444892883301,-3692.870726179919,-3,2,2
13,160707,12,1499.67236328125,-273.3036193847656,24.593408584594727,-2.223529577255249,1.6942405700683594,0.9926652908325195,99999.0,-4,2,2
14,160707,13,1487.2880859375,-275.0989685058594,26.52896499633789,-3.706686019897461,-0.00919342041015625,0.9683442115783691,22.593265357821636,-3,2,1
15,160707,14,981.385986328125,-87.80455017089844,26.67947769165039,-8.173521995544434,1.2475395202636719,-1.0652923583984375,99999.0,-4,2,3
16,160708,15,1199.590087890625,-192.47198486328125,18.245107650756836,-8.557676315307617,0.8213233947753906,-0.3891468048095703,99999.0,-1,5,3
17,160708,0,1638.046630859375,-283.3954162597656,29.747663497924805,0.06181318312883377,1.5649223327636719,0.032902173697948456,99999.0,-2,1,1
18,160708,1,831.4699096679688,-59.44328308105469,26.545156478881836,-3.2149758338928223,1.4476394653320312,-0.9749197959899902,99999.0,-3,1,2
19,160708,2,1544.1263427734375,-286.77215576171875,28.777877807617188,-1.0363727807998657,-0.6011009216308594,0.8338320255279541,18.705233213852335,-1,1,1
20,160708,3,-268.2937316894531,-48.8834114074707,0.0,0.0,0.0,0.0,99999.0,-4,1,3
21,160708,4,1573.7918701171875,-283.8802185058594,30.5871639251709,0.17193755507469177,0.04852294921875,1.015683889389038,76.53884559458386,-2,1,2
22,160708,5,1645.4442138671875,-279.78009033203125,24.323036193847656,-0.06708952784538269,1.5013885498046875,-0.41879451274871826,99999.0,-3,1,2
23,160708,6,1529.6865234375,-279.1136474609375,24.787355422973633,-0.8203665018081665,-1.7925834655761719,0.7287579774856567,59.04269589053221,-3,1,1
24,160708,7,1581.241943359375,-287.17291259765625,26.809633255004883,0.2698676586151123,1.608123779296875,0.146426260471344,1079.6603348491528,-1,1,1
25,160708,8,1328.619384765625,-240.23446655273438,22.832183837890625,-7.5967020988464355,1.3634872436523438,0.9303426742553711,99999.0,-3,2,2
26,160708,9,1680.84619140625,-286.871337890625,26.717355728149414,0.0132454177364707,-1.435394287109375,-0.01934148371219635,99999.0,-1,2,2
27,160708,10,937.0867919921875,-82.74012756347656,29.632570266723633,-7.4856133460998535,0.631561279296875,-1.3009119033813477,99999.0,-2,2,3
28,160708,11,1573.939208984375,-280.0139465332031,24.03657341003418,0.06422105431556702,-1.1696624755859375,0.5339139103889465,-249.61296766074437,-3,2,2
29,160708,12,1502.140625,-273.5235290527344,24.762643814086914,-2.140209674835205,1.692352294921875,0.8331990242004395,99999.0,-4,2,2
30,160708,13,1489.9410400390625,-275.4632873535156,26.531600952148438,-3.581110954284668,0.02635955810546875,1.2557506561279297,20.430235274421424,-3,2,1
31,160708,14,984.0564575195312,-88.62623596191406,26.665084838867188,-8.255157470703125,-0.14392852783203125,-0.8163547515869141,99999.0,-4,2,3
32,160709,15,1201.4215087890625,-193.3310089111328,18.380748748779297,-8.621672630310059,1.3564109802246094,-0.6399631500244141,99999.0,-1,5,3
33,160709,0,1641.0302734375,-283.3890686035156,29.90599250793457,0.06411924958229065,1.5832901000976562,0.023060664534568787,99999.0,-2,1,1
34,160709,1,834.1323852539062,-59.76923751831055,26.68797492980957,-3.320310592651367,1.4281845092773438,-1.0533475875854492,99999.0,-3,1,2
35,160709,2,1547.0010986328125,-286.86962890625,28.721086502075195,-0.9138933420181274,-0.5679130554199219,1.2247943878173828,21.02993465039277,-1,1,1
36,160709,3,-268.2937316894531,-48.8834114074707,0.0,0.0,0.0,0.0,99999.0,-4,1,3
37,160709,4,1576.827880859375,-283.8597106933594,30.122432708740234,0.24971753358840942,-4.647312164306641,0.7777997851371765,296.627122676842,-2,1,2
38,160709,5,1647.8857421875,-279.7881774902344,24.480464935302734,-0.1023097038269043,1.5742874145507812,-0.35220175981521606,99999.0,-3,1,2
39,160709,6,1532.1614990234375,-279.1944580078125,24.73362159729004,-0.7848413586616516,-0.5373382568359375,0.3552514314651489,66.22318781068653,-3,1,1
40,160709,7,1583.931884765625,-287.1451110839844,26.977201461791992,0.27584630250930786,1.6756820678710938,0.059786438941955566,398.5300244957762,-1,1,1
41,160709,8,1330.9075927734375,-241.0032501220703,22.923025131225586,-7.738887310028076,0.9084129333496094,-1.4218521118164062,99999.0,-3,2,2
42,160709,9,1683.5181884765625,-286.8700866699219,26.727256774902344,0.011793272569775581,0.09901046752929688,-0.01452145166695118,99999.0,-1,2,2
43,160709,10,940.0499877929688,-83.49435424804688,29.58609962463379,-7.591506004333496,-0.4647064208984375,-1.0589265823364258,99999.0,-2,2,3
44,160709,11,1576.34423828125,-280.00689697265625,24.06578826904297,0.09798386693000793,0.2921485900878906,0.3376281261444092,-172.52316360792972,-3,2,2
45,160709,12,1504.6260986328125,-273.7336120605469,24.933340072631836,-2.030701160430908,1.7069625854492188,1.0950851440429688,99999.0,-4,2,2
46,160709,13,1492.5946044921875,-275.8101501464844,26.54073143005371,-3.3651132583618164,0.09130477905273438,2.1599769592285156,19.941945552366846,-3,2,1
47,160709,14,986.7001953125,-89.4478759765625,26.19550323486328,-8.190394401550293,-4.6958160400390625,0.6476306915283203,99999.0,-4,2,3
48,160710,15,1203.2681884765625,-194.19715881347656,18.542219161987305,-8.697473526000977,1.6147041320800781,-0.7580089569091797,99999.0,-1,5,3
49,160710,0,1644.029541015625,-283.3825988769531,30.064987182617188,0.06538208574056625,1.5899467468261719,0.012628361582756042,99999.0,-2,1,1
50,160710,1,836.8096923828125,-60.1021842956543,26.83911895751953,-3.356390953063965,1.5114402770996094,-0.36080360412597656,99999.0,-3,1,2
51,160710,2,1549.8701171875,-286.9570617675781,28.667091369628906,-0.8237776756286621,-0.5399513244628906,0.9011566638946533,24.05006665052523,-1,1,1
52,160710,3,-268.2937316894531,-48.8834114074707,0.0,0.0,0.0,0.0,99999.0,-4,1,3
53,160710,4,1579.8052978515625,-283.8323059082031,29.567873001098633,0.3090289533138275,-5.545597076416016,0.5931141972541809,-129.19348427470163,-2,1,2
54,160710,5,1650.3427734375,-279.7995300292969,24.641088485717773,-0.13051164150238037,1.6062355041503906,-0.28201937675476074,99999.0,-3,1,2
55,160710,6,1534.635009765625,-279.2718200683594,24.729719161987305,-0.7501229047775269,-0.03902435302734375,0.34718453884124756,78.16819764194516,-3,1,1
56,160710,7,1586.638916015625,-287.1174011230469,27.14811897277832,0.26730161905288696,1.7091751098632812,-0.08544683456420898,295.37656077621875,-1,1,1
57,160710,8,1333.2110595703125,-241.7700653076172,23.113624572753906,-7.633817672729492,1.9059944152832031,1.0506963729858398,99999.0,-3,2,2
58,160710,9,1686.196044921875,-286.8689270019531,26.810985565185547,0.010655864141881466,0.8372879028320312,-0.011374084278941154,99999.0,-1,2,2
59,160710,10,942.9956665039062,-84.25589752197266,29.385562896728516,-7.659290790557861,-2.0053672790527344,-0.6778478622436523,99999.0,-2,2,3
60,160710,11,1578.7567138671875,-279.9955749511719,24.165754318237305,0.13952988386154175,0.9996604919433594,0.41546016931533813,-150.60119496653678,-3,2,2
61,160710,12,1507.1236572265625,-273.9355773925781,24.952505111694336,-1.970615029335022,0.191650390625,0.6008613109588623,99999.0,-4,2,2
62,160710,13,1495.2491455078125,-276.1390686035156,26.54044532775879,-3.1992263793945312,-0.00286102294921875,1.6588687896728516,19.99269054398541,-3,2,1
63,160710,14,989.2860107421875,-90.2598648071289,25.653228759765625,-8.112469673156738,-5.4227447509765625,0.7792472839355469,99999.0,-4,2,3
64,160711,15,1205.1309814453125,-195.07089233398438,18.6832275390625,-8.76388931274414,1.4100837707519531,-0.6641578674316406,99999.0,-1,5,3
65,160711,0,1647.0443115234375,-283.3759460449219,30.2239933013916,0.0657496377825737,1.5900611877441406,0.003675520420074463,99999.0,-2,1,1
66,160711,1,839.501220703125,-60.44401550292969,26.97831916809082,-3.4743406772613525,1.3920021057128906,-1.179497241973877,99999.0,-3,1,2
67,160711,2,1552.7340087890625,-287.03314208984375,28.617422103881836,-0.6964101791381836,-0.4966926574707031,1.2736749649047852,28.093609926987178,-1,1,1
68,160711,3,-268.2937316894531,-48.8834114074707,0.0,0.0,0.0,0.0,99999.0,-4,1,3
69,160711,4,1582.750244140625,-283.79925537109375,29.39698600769043,0.3552759885787964,-1.7088699340820312,0.4624703526496887,-77.74266011669978,-2,1,2
70,160711,5,1652.8154296875,-279.8134765625,24.802913665771484,-0.1526297777891159,1.6182518005371094,-0.22118136286735535,99999.0,-3,1,2
71,160711,6,1537.109130859375,-279.34527587890625,24.752662658691406,-0.7060965299606323,0.22943496704101562,0.4402637481689453,96.48875859639195,-3,1,1
72,160711,7,1589.36328125,-287.0908203125,27.320425033569336,0.25203725695610046,1.7230606079101562,-0.152643620967865,255.21578033692987,-1,1,1
73,160711,8,1335.5303955078125,-242.53585815429688,23.272245407104492,-7.65716028213501,1.5862083435058594,-0.23342609405517578,99999.0,-3,2,2
74,160711,9,1688.88427734375,-286.8679504394531,26.930381774902344,0.009775868616998196,1.1939620971679688,-0.008799955248832703,99999.0,-1,2,2
75,160711,10,945.9279174804688,-85.02610778808594,29.28488540649414,-7.755977630615234,-1.00677490234375,-0.9668684005737305,99999.0,-2,2,3
76,160711,11,1581.1810302734375,-279.9804992675781,24.299367904663086,0.16913814842700958,1.3361358642578125,0.29608264565467834,-142.25970159430005,-3,2,2
77,160711,12,1509.59619140625,-274.1271667480469,24.487613677978516,-1.849753499031067,-4.648914337158203,1.2086153030395508,99999.0,-4,2,2
78,160711,13,1497.9036865234375,-276.4469909667969,26.542306900024414,-2.96376371383667,0.01861572265625,2.3546266555786133,20.4884704366478,-3,2,1
79,160711,14,991.840576171875,-91.07172393798828,25.48630142211914,-8.16027545928955,-1.6692733764648438,-0.478057861328125,99999.0,-4,2,3
80,160712,15,1207.0010986328125,-195.9481201171875,18.69975471496582,-8.771724700927734,0.16527175903320312,-0.0783538818359375,99999.0,-1,5,3
81,160712,0,1650.0748291015625,-283.3692932128906,30.382631301879883,0.06538978219032288,1.5863800048828125,-0.0035985559225082397,99999.0,-2,1,1
82,160712,1,842.2071533203125,-60.794891357421875,27.12190818786621,-3.55686354637146,1.4358901977539062,-0.8252286911010742,99999.0,-3,1,2
83,160712,2,1555.59326171875,-287.09771728515625,28.571605682373047,-0.5853463411331177,-0.4581642150878906,1.1106383800506592,33.71236634006925,-1,1,1
84,160712,3,-268.26763916015625,-48.88240432739258,-0.053328290581703186,0.019992662593722343,-0.5332828760147095,0.19992662966251373,99999.0,-4,1,3
85,160712,4,1585.6888427734375,-283.76239013671875,29.385515213012695,0.38048774003982544,-0.11470794677734375,0.2521175146102905,-64.57191225304956,-2,1,2
86,160712,5,1655.3046875,-279.8294677734375,24.965003967285156,-0.17008042335510254,1.6209030151367188,-0.17450645565986633,99999.0,-3,1,2
87,160712,6,1539.5860595703125,-279.4250183105469,24.780736923217773,-0.8557871580123901,0.2807426452636719,-1.4969062805175781,128.08087054492083,-3,1,1
88,160712,7,1592.1048583984375,-287.06610107421875,27.49309539794922,0.2298623025417328,1.7267036437988281,-0.22174954414367676,233.57294763422368,-1,1,1
89,160712,8,1337.8673095703125,-243.30043029785156,23.454484939575195,-7.614169120788574,1.8223953247070312,0.42991161346435547,99999.0,-3,2,2
90,160712,9,1691.5850830078125,-286.866943359375,27.06708526611328,0.00911449734121561,1.367034912109375,-0.0066137127578258514,99999.0,-1,2,2
91,160712,10,948.8546142578125,-85.80598449707031,29.255905151367188,-7.849575042724609,-0.28980255126953125,-0.93597412109375,99999.0,-2,2,3
92,160712,11,1583.61962890625,-279.9626159667969,24.44887924194336,0.19211572408676147,1.4951133728027344,0.22977575659751892,-138.89074568178722,-3,2,2
93,160712,12,1512.011474609375,-274.3033447265625,23.9733829498291,-1.6718027591705322,-5.142307281494141,1.7795073986053467,99999.0,-4,2,2
94,160712,13,1500.5577392578125,-276.7341003417969,26.53801155090332,-2.769700050354004,-0.0429534912109375,1.9406366348266602,21.035323329217835,-3,2,1
95,160712,14,994.38818359375,-91.89160919189453,25.46453285217285,-8.256281852722168,-0.21768569946289062,-0.9600639343261719,99999.0,-4,2,3
96,160713,15,1208.870849609375,-196.8252716064453,18.70156478881836,-8.7727632522583,0.018100738525390625,-0.010385513305664062,99999.0,-1,5,3
97,160713,0,1653.1224365234375,-283.36279296875,30.540721893310547,0.06456504017114639,1.5809059143066406,-0.008247420191764832,99999.0,-2,1,1
98,160713,1,844.9271850585938,-61.15517044067383,27.261215209960938,-3.662499189376831,1.3930702209472656,-1.056356430053711,99999.0,-3,1,2
99,160713,2,1558.4478759765625,-287.1492919921875,28.529808044433594,-0.4432135224342346,-0.41797637939453125,1.4213281869888306,42.02187974753276,-1,1,1
100,160713,3,0.0,0.0,0.0,0.0,0.0,0.0,99999.0,-1,1,3
101,160713,4,1588.6314697265625,-283.72381591796875,29.451534271240234,0.388139933347702,0.6601905822753906,0.07652193307876587,-59.209901794595396,-2,1,2
102,160713,5,1657.81005859375,-279.8471374511719,25.126893997192383,-0.18487988412380219,1.6189002990722656,-0.14799460768699646,99999.0,-3,1,2
103,160713,6,1542.06689453125,-279.5058288574219,24.82642364501953,-0.7983992695808411,0.4568672180175781,0.5738788843154907,190.37701343669337,-3,1,1
104,160713,7,1594.863525390625,-287.0437927246094,27.665557861328125,0.20480605959892273,1.7246246337890625,-0.2505624294281006,219.31799886442323,-1,1,1
105,160713,8,1340.22216796875,-244.06175231933594,23.63545799255371,-7.579005718231201,1.8097305297851562,0.35163402557373047,99999.0,-3,2,2
106,160713,9,1694.3001708984375,-286.8660583496094,27.21205711364746,0.008541276678442955,1.4497184753417969,-0.005732206627726555,99999.0,-1,2,2
107,160713,10,951.7808227539062,-86.59693908691406,29.26427459716797,-7.967367172241211,0.0836944580078125,-1.1779212951660156,99999.0,-2,2,3
108,160713,11,1586.07373046875,-279.9428405761719,24.605798721313477,0.20589984953403473,1.5691947937011719,0.13784125447273254,-137.66436069750264,-3,2,2
109,160713,12,1514.40087890625,-274.46527099609375,23.86541175842285,-1.536882758140564,-1.0797119140625,1.3492000102996826,99999.0,-4,2,2
110,160713,13,1503.210693359375,-277.0009765625,26.532726287841797,-2.5675806999206543,-0.052852630615234375,2.021193504333496,21.721849583963113,-3,2,1
111,160713,14,996.938232421875,-92.72265625,25.512298583984375,-8.376572608947754,0.4776573181152344,-1.2029075622558594,99999.0,-4,2,3
112,160714,15,1210.7447509765625,-197.7042999267578,18.780059814453125,-8.80974006652832,0.7849502563476562,-0.3697681427001953,99999.0,-1,5,3
113,160714,0,1656.185791015625,-283.3563232421875,30.69813346862793,0.06354585289955139,1.5741157531738281,-0.010191872715950012,99999.0,-2,1,1
114,160714,1,847.6610717773438,-61.52588653564453,27.39936065673828,-3.770188093185425,1.3814544677734375,-1.0768890380859375,99999.0,-3,1,2
115,160714,2,1561.2987060546875,-287.1882629394531,28.492033004760742,-0.3252428472042084,-0.3777503967285156,1.1797068119049072,55.380412536641956,-1,1,1
116,160714,3,-268.2937316894531,-48.8834114074707,0.0,0.0,0.0,0.0,99999.0,-4,1,3
117,160714,4,1591.582763671875,-283.68511962890625,29.55575180053711,0.3806624114513397,1.04217529296875,-0.07477521896362305,-56.55095444095192,-2,1,2
118,160714,5,1660.32666015625,-279.8652038574219,25.14120864868164,-0.1789972484111786,0.14314651489257812,0.05882635712623596,99999.0,-3,1,2
119,160714,6,1544.5521240234375,-279.5881652832031,24.87582015991211,-0.8320174813270569,0.49396514892578125,-0.3361821174621582,357.9003108163815,-3,1,1
120,160714,7,1597.6396484375,-287.0241394042969,27.837499618530273,0.17817512154579163,1.7194175720214844,-0.26630938053131104,208.54585320572326,-1,1,1
121,160714,8,1342.595458984375,-244.8182373046875,23.823942184448242,-7.518223762512207,1.8848419189453125,0.6078195571899414,99999.0,-3,2,2
122,160714,9,1697.0291748046875,-286.8652648925781,27.36079978942871,0.00808858685195446,1.4874267578125,-0.004526898264884949,99999.0,-1,2,2
123,160714,10,954.7094116210938,-87.39923858642578,29.29826545715332,-8.080198287963867,0.3399085998535156,-1.1283111572265625,99999.0,-2,2,3
124,160714,11,1588.543212890625,-279.921875,24.765975952148438,0.21370822191238403,1.6017723083496094,0.07808372378349304,-191.30367508768543,-3,2,2
125,160714,12,1516.7877197265625,-274.6324462890625,23.870487213134766,-1.7667509317398071,0.050754547119140625,-2.2986817359924316,99999.0,-4,2,2
126,160714,13,1505.86376953125,-277.2490234375,26.52446746826172,-2.3898396492004395,-0.08258819580078125,1.7774105072021484,22.561710820315557,-3,2,1
127,160714,14,999.4947509765625,-93.56634521484375,25.593246459960938,-8.509200096130371,0.809478759765625,-1.3262748718261719,99999.0,-4,2,3
128,160715,15,1212.629638671875,-198.58827209472656,18.914630889892578,-8.867009162902832,1.3457107543945312,-0.5726909637451172,99999.0,-1,5,3
129,160715,0,1659.259033203125,-283.3500671386719,30.682512283325195,0.06223498284816742,-0.15621185302734375,-0.013108700513839722,99999.0,-2,1,1
130,160715,1,850.4087524414062,-61.907981872558594,27.53467559814453,-3.890064001083374,1.3531494140625,-1.1987590789794922,99999.0,-3,1,2
131,160715,2,1564.1461181640625,-287.2132873535156,28.457740783691406,-0.1731237769126892,-0.3429222106933594,1.5211906433105469,57.4680014003647,-1,1,1
132,160715,3,-268.2937316894531,-48.8834114074707,0.0,0.0,0.0,0.0,99999.0,-4,1,3
133,160715,4,1594.54541015625,-283.647705078125,29.67897605895996,0.3616306185722351,1.2322425842285156,-0.19031792879104614,-64.48535566444131,-2,1,2
134,160715,5,1662.8177490234375,-279.8788146972656,24.668758392333984,-0.09159742295742035,-4.7245025634765625,0.8739982843399048,99999.0,-3,1,2
135,160715,6,1547.042724609375,-279.6686706542969,24.932167053222656,-0.7741245031356812,0.5634689331054688,0.5789297819137573,2649.864080754252,-3,1,1
136,160715,7,1600.4273681640625,-287.0072937011719,27.826940536499023,0.1512647569179535,-0.1055908203125,-0.26910364627838135,314.63060505957947,-1,1,1
137,160715,8,1344.9876708984375,-245.56838989257812,24.013500213623047,-7.451477527618408,1.8955802917480469,0.6674623489379883,99999.0,-3,2,2
138,160715,9,1699.7735595703125,-286.8644714355469,27.5111083984375,0.00768633047118783,1.5030860900878906,-0.004022563807666302,99999.0,-1,2,2
139,160715,10,957.6421508789062,-88.21307373046875,29.34410285949707,-8.197872161865234,0.4583740234375,-1.1767387390136719,99999.0,-2,2,3
140,160715,11,1591.0284423828125,-279.9002990722656,24.92738914489746,0.2171563059091568,1.6141319274902344,0.03448083996772766,278.0438505276589,-3,2,2
141,160715,12,1519.1815185546875,-274.7961730957031,23.97981071472168,-1.5855796337127686,1.0932350158691406,1.8117129802703857,99999.0,-4,2,2
142,160715,13,1508.5152587890625,-277.4800720214844,26.514381408691406,-2.227587938308716,-0.100860595703125,1.6225171089172363,23.522597072691763,-3,2,1
143,160715,14,1002.06005859375,-94.42359161376953,25.68983268737793,-8.648571968078613,0.9658622741699219,-1.3937187194824219,99999.0,-4,2,3
144,160716,15,1214.529541015625,-199.47911071777344,19.07193946838379,-8.94357681274414,1.5730857849121094,-0.7656764984130859,99999.0,-1,5,3
145,160716,0,1662.29931640625,-283.34625244140625,30.071786880493164,0.0014269277453422546,-6.1072540283203125,-0.6080805659294128,99999.0,-2,1,1
146,160716,1,853.1697998046875,-62.30228805541992,27.66811180114746,-4.015615463256836,1.3343620300292969,-1.2555146217346191,99999.0,-3,1,2
147,160716,2,1566.9901123046875,-287.22589111328125,28.426916122436523,-0.06835930049419403,-0.3082466125488281,1.0476447343826294,29.67104645034362,-1,1,1
148,160716,3,-268.2937316894531,-48.8834114074707,0.0,0.0,0.0,0.0,99999.0,-4,1,3
149,160716,4,1597.5206298828125,-283.6125793457031,29.811534881591797,0.33439335227012634,1.3255882263183594,-0.27237266302108765,-249.1866732137787,-2,1,2
150,160716,5,1665.2506103515625,-279.8962707519531,24.140384674072266,-0.22911828756332397,-5.2837371826171875,-1.3752086162567139,99999.0,-3,1,2
151,160716,6,1549.53955078125,-279.7436828613281,24.992849349975586,-0.708717405796051,0.6068229675292969,0.6540709733963013,-513.6844653626933,-3,1,1
152,160716,7,1603.1815185546875,-286.9931945800781,27.207244873046875,0.12583187222480774,-6.196956634521484,-0.2543288469314575,-218.5896212760083,-1,1,1
153,160716,8,1347.3934326171875,-246.31259155273438,24.049293518066406,-7.383937835693359,0.35793304443359375,0.6753969192504883,99999.0,-3,2,2
154,160716,9,1702.532958984375,-286.86370849609375,27.661867141723633,0.00730344420298934,1.5075874328613281,-0.0038288626819849014,99999.0,-1,2,2
155,160716,10,960.579833984375,-89.03874969482422,29.396608352661133,-8.317527770996094,0.525054931640625,-1.1965560913085938,99999.0,-2,2,3
156,160716,11,1593.5299072265625,-279.87841796875,25.089059829711914,0.21927431225776672,1.6167068481445312,0.021180063486099243,75.728870740421,-3,2,2
157,160716,12,1521.5872802734375,-274.9566650390625,24.114160537719727,-1.6014245748519897,1.3434982299804688,-0.15844941139221191,99999.0,-4,2,2
158,160716,13,1511.1658935546875,-277.6960144042969,26.502635955810547,-2.0853707790374756,-0.11745452880859375,1.4221715927124023,24.640352422970963,-3,2,1
159,160716,14,1004.6365966796875,-95.29127502441406,25.818565368652344,-8.719871520996094,1.2873268127441406,-0.7129955291748047,99999.0,-4,2,3
160,160717,15,1216.4451904296875,-200.3772430419922,19.2113037109375,-9.006621360778809,1.3936424255371094,-0.6304454803466797,99999.0,-1,5,3
161,160717,0,1665.26318359375,-283.3441467285156,29.337831497192383,0.026064060628414154,-7.3395538330078125,0.246371328830719,99999.0,-2,1,1
162,160717,1,855.944091796875,-62.709495544433594,27.799386978149414,-4.14808988571167,1.3127517700195312,-1.3247442245483398,99999.0,-3,1,2
163,160717,2,1569.8310546875,-287.2259826660156,28.39426612854004,0.06521885842084885,-0.32649993896484375,1.3357815742492676,18.871632557113127,-1,1,1
164,160717,3,-268.2937316894531,-48.8834114074707,0.0,0.0,0.0,0.0,99999.0,-4,1,3
165,160717,4,1600.5093994140625,-283.5804138183594,29.94853401184082,0.30212706327438354,1.3699913024902344,-0.322662889957428,106.1506258901138,-2,1,2
166,160717,5,1667.656005859375,-279.91168212890625,24.022790908813477,-0.11835137754678726,-1.1759376525878906,1.1076691150665283,99999.0,-3,1,2
167,160717,6,1552.0377197265625,-279.8112487792969,24.92986297607422,-0.6290432214736938,-0.6298637390136719,0.7967418432235718,-267.6129249043389,-3,1,1
168,160717,7,1605.8590087890625,-286.9816589355469,26.485050201416016,0.10239311307668686,-7.221946716308594,-0.2343875914812088,-74.93280899328414,-1,1,1
169,160717,8,1349.77734375,-247.04063415527344,23.622802734375,-7.162689208984375,-4.2649078369140625,2.2124862670898438,99999.0,-3,2,2
170,160717,9,1705.30712890625,-286.8629150390625,27.812538146972656,0.006936173886060715,1.5067100524902344,-0.003672703169286251,99999.0,-1,2,2
171,160717,10,963.5227661132812,-89.87660217285156,29.45172691345215,-8.441214561462402,0.5511856079101562,-1.236867904663086,99999.0,-2,2,3
172,160717,11,1596.04296875,-279.8572998046875,25.10325050354004,0.20257504284381866,0.14190673828125,-0.1669926941394806,66.39253484726495,-3,2,2
173,160717,12,1524.0069580078125,-275.1129150390625,24.269718170166016,-1.5062065124511719,1.5555763244628906,0.9521806240081787,99999.0,-4,2,2
174,160717,13,1513.8155517578125,-277.89849853515625,26.489940643310547,-1.9579519033432007,-0.126953125,1.274188756942749,23.72816376793335,-3,2,1
175,160717,14,1007.2244873046875,-96.17072296142578,25.926612854003906,-8.861185073852539,1.080474853515625,-1.4131355285644531,99999.0,-4,2,3
176,160718,15,1218.36181640625,-201.27525329589844,19.046247482299805,-8.9151029586792,-1.6505622863769531,0.9151840209960938,99999.0,-1,5,3
177,160718,0,1668.1805419921875,-283.3434143066406,29.08038902282715,-0.011385999619960785,-2.5744247436523438,-0.3745006024837494,99999.0,-2,1,1
178,160718,1,858.7314453125,-63.13014602661133,27.928924560546875,-4.284544944763184,1.2953758239746094,-1.3645505905151367,99999.0,-3,1,2
179,160718,2,1572.6685791015625,-287.2160949707031,28.35401153564453,0.14121398329734802,-0.4025459289550781,0.7599512338638306,17.12991282903437,-1,1,1
180,160718,3,-268.26763916015625,-48.88240432739258,-0.053328290581703186,0.019992662593722343,-0.5332828760147095,0.19992662966251373,99999.0,-4,1,3
181,160718,4,1603.51171875,-283.5516052246094,30.087438583374023,0.26748669147491455,1.3890457153320312,-0.34640371799468994,64.28831176702325,-2,1,2
182,160718,5,1670.0596923828125,-279.9247131347656,24.052064895629883,-0.1261955052614212,0.2927398681640625,-0.07844127714633942,99999.0,-3,1,2
183,160718,6,1554.517333984375,-279.8666076660156,24.737333297729492,-0.48057821393013,-1.9252967834472656,1.4846501350402832,398.69185085435555,-3,1,1
184,160718,7,1608.4932861328125,-286.9722900390625,26.26266860961914,0.08357113599777222,-2.22381591796875,-0.18821977078914642,-63.84393014125274,-1,1,1
185,160718,8,1352.1055908203125,-247.75181579589844,23.09433937072754,-7.090497970581055,-5.284633636474609,0.7219123840332031,99999.0,-3,2,2
186,160718,9,1708.0921630859375,-286.8622741699219,27.82308578491211,0.006511323153972626,0.10547637939453125,-0.00424850732088089,99999.0,-1,2,2
187,160718,10,966.4678955078125,-90.72594451904297,29.400630950927734,-8.537163734436035,-0.5109596252441406,-0.9594917297363281,99999.0,-2,2,3
188,160718,11,1598.5301513671875,-279.8375244140625,24.630889892578125,0.1881915181875229,-4.723606109619141,-0.14383524656295776,123.78693186498799,-3,2,2
189,160718,12,1526.4427490234375,-275.26123046875,24.43214988708496,-1.422330617904663,1.6243171691894531,0.8387589454650879,99999.0,-4,2,2
190,160718,13,1516.46337890625,-278.09197998046875,26.472431182861328,-1.898224949836731,-0.1750946044921875,0.5972695350646973,21.3346503929686,-3,2,1
191,160718,14,1009.8240966796875,-97.06167602539062,26.04894256591797,-8.966927528381348,1.223297119140625,-1.057424545288086,99999.0,-4,2,3
192,160719,15,1220.24658203125,-202.1580047607422,18.74029541015625,-8.779631614685059,-3.059520721435547,1.3547134399414062,99999.0,-1,5,3
193,160719,0,1671.084228515625,-283.3446044921875,29.02532196044922,-0.015592905692756176,-0.5506706237792969,-0.04206906259059906,99999.0,-2,1,1
194,160719,1,861.5316162109375,-63.564598083496094,28.05680274963379,-4.424254894256592,1.2787818908691406,-1.397099494934082,99999.0,-3,1,2
195,160719,2,1575.5010986328125,-287.1977844238281,28.302799224853516,0.22319000959396362,-0.5121231079101562,0.819760262966156,17.246411975997024,-1,1,1
196,160719,3,0.0,0.0,0.0,0.0,0.0,0.0,99999.0,-1,1,2
197,160719,4,1606.528076171875,-283.5262756347656,30.226964950561523,0.23270392417907715,1.395263671875,-0.347827672958374,53.783748434541366,-2,1,2
198,160719,5,1672.470947265625,-279.93511962890625,24.152267456054688,-0.07517502456903458,1.0020256042480469,0.5102047920227051,99999.0,-3,1,2
199,160719,6,1556.9869384765625,-279.9071350097656,24.67866325378418,-0.32330456376075745,-0.586700439453125,1.5727365016937256,75.60106172890305,-3,1,1
200,160719,7,1611.1165771484375,-286.9644775390625,26.237714767456055,0.07076577097177505,-0.24953842163085938,-0.12805365025997162,-89.24846468214328,-1,1,1
201,160719,8,1354.4091796875,-248.4498748779297,23.020944595336914,-6.922971248626709,-0.73394775390625,1.675267219543457,99999.0,-3,2,2
202,160719,9,1710.851806640625,-286.8616943359375,27.355487823486328,0.0060339439660310745,-4.6759796142578125,-0.004773791879415512,99999.0,-1,2,2
203,160719,10,969.38671875,-91.5787124633789,28.97549819946289,-8.52194595336914,-4.2513275146484375,0.1521778106689453,99999.0,-2,2,3
204,160719,11,1600.958984375,-279.8347473144531,24.09544563293457,-0.14527259767055511,-5.354442596435547,-3.334641218185425,-1260.6669128260212,-3,2,2
205,160719,12,1528.89501953125,-275.39898681640625,24.598758697509766,-1.2977291345596313,1.6660881042480469,1.2460148334503174,99999.0,-4,2,2
206,160719,13,1519.109619140625,-278.27685546875,26.454673767089844,-1.8035863637924194,-0.17757415771484375,0.9463858604431152,20.805179683894206,-3,2,1
207,160719,14,1012.4357299804688,-97.96414184570312,26.165109634399414,-9.090469360351562,1.1616706848144531,-1.2354183197021484,99999.0,-4,2,3
208,160720,15,1222.1151123046875,-203.0325469970703,18.65899658203125,-8.720284461975098,-0.81298828125,0.5934715270996094,99999.0,-1,5,3
209,160720,0,1673.9884033203125,-283.34686279296875,29.07407569885254,-0.027136852964758873,0.4875373840332031,-0.11543947458267212,99999.0,-2,1,1
210,160720,1,864.3449096679688,-64.01091003417969,28.191102981567383,-4.52155065536499,1.3430023193359375,-0.9729576110839844,99999.0,-3,1,2
211,160720,2,1578.3282470703125,-287.1737976074219,28.24471664428711,0.26156365871429443,-0.5808258056640625,0.3837364912033081,18.316068483313177,-1,1,1
212,160720,3,-268.2937316894531,-48.8834114074707,0.0,0.0,0.0,0.0,99999.0,-4,1,2
213,160720,4,1609.558349609375,-283.50439453125,30.366451263427734,0.19950594007968903,1.3948631286621094,-0.3319798409938812,49.91024783899113,-2,1,2
214,160720,5,1674.89404296875,-279.94189453125,24.28618812561035,-0.04501020163297653,1.3392066955566406,0.30164822936058044,99999.0,-3,1,2
215,160720,6,1559.454345703125,-279.9319152832031,24.674962997436523,-0.16184714436531067,-0.0370025634765625,1.6145741939544678,63.244921600660724,-3,1,1
216,160720,7,1613.743408203125,-286.9577941894531,26.311168670654297,0.062267646193504333,0.7345390319824219,-0.08498124778270721,-197.88847679214823,-1,1,1
217,160720,8,1356.7127685546875,-249.14195251464844,23.05872917175293,-6.898414611816406,0.37784576416015625,0.24556636810302734,99999.0,-3,2,2
218,160720,9,1713.552978515625,-286.861083984375,26.815664291381836,0.005503184627741575,-5.398235321044922,-0.005307593382894993,99999.0,-1,2,2
219,160720,10,972.2528686523438,-92.42697143554688,28.471473693847656,-8.487306594848633,-5.040245056152344,0.3463935852050781,99999.0,-2,2,3
220,160720,11,1603.35986328125,-279.84063720703125,23.97644805908203,-0.0783134177327156,-1.1899757385253906,0.6695917844772339,-231.34110460425984,-3,2,2
221,160720,12,1531.364013671875,-275.5240478515625,24.766263961791992,-1.1651028394699097,1.6750526428222656,1.3262629508972168,99999.0,-4,2,2
222,160720,13,1521.7540283203125,-278.4544982910156,26.43194007873535,-1.7405951023101807,-0.22733688354492188,0.6299126148223877,20.947292252571966,-3,2,1
223,160720,14,1015.0591430664062,-98.87876892089844,26.28092384338379,-9.214208602905273,1.15814208984375,-1.2373924255371094,99999.0,-4,2,3
224,160721,15,1223.98095703125,-203.90541076660156,18.677326202392578,-8.744691848754883,0.18329620361328125,-0.24407386779785156,99999.0,-1,5,3
225,160721,0,1676.9007568359375,-283.3497009277344,29.175888061523438,-0.02722862735390663,1.0181236267089844,-0.0009177438914775848,99999.0,-2,1,1
226,160721,1,867.171142578125,-64.46959686279297,28.317453384399414,-4.657647609710693,1.2635040283203125,-1.3609695434570312,99999.0,-3,1,2
227,160721,2,1581.149169921875,-287.1464538574219,28.183380126953125,0.28693172335624695,-0.6133651733398438,0.25368064641952515,20.139063425037044,-1,1,1
228,160721,3,-268.2937316894531,-48.8834114074707,0.0,0.0,0.0,0.0,99999.0,-4,1,2
229,160721,4,1612.6026611328125,-283.4857177734375,30.505592346191406,0.16917596757411957,1.3914108276367188,-0.3032997250556946,48.409892877839425,-2,1,2
230,160721,5,1677.3310546875,-279.9448547363281,24.43585205078125,-0.0033528723288327456,1.4966392517089844,0.41657328605651855,99999.0,-3,1,2
231,160721,6,1561.9227294921875,-279.9397277832031,24.694557189941406,0.011661134660243988,0.19594192504882812,1.7350828647613525,63.517521467192346,-3,1,1
232,160721,7,1616.3807373046875,-286.9518737792969,26.43397331237793,0.05712664872407913,1.2280464172363281,-0.051409974694252014,-418.56557920906846,-1,1,1
233,160721,8,1359.025634765625,-249.82969665527344,23.182044982910156,-6.831705093383789,1.2331581115722656,0.6670951843261719,99999.0,-3,2,2
234,160721,9,1716.2244873046875,-286.8605041503906,26.672569274902344,0.005007920321077108,-1.4309501647949219,-0.004952643066644669,99999.0,-1,2,2
235,160721,10,975.0870361328125,-93.27658081054688,28.26341438293457,-8.527291297912598,-2.0805931091308594,-0.39984703063964844,99999.0,-2,2,3
236,160721,11,1605.758544921875,-279.8549499511719,24.003644943237305,-0.21098685264587402,0.2719688415527344,-1.3267344236373901,-165.87864131226115,-3,2,2
237,160721,12,1533.849609375,-275.63494873046875,24.933576583862305,-1.0160800218582153,1.673126220703125,1.4902281761169434,99999.0,-4,2,2
238,160721,13,1524.3956298828125,-278.6252746582031,26.407386779785156,-1.667270302772522,-0.24553298950195312,0.7332479953765869,21.570183590410657,-3,2,1
239,160721,14,1017.689453125,-99.80476379394531,26.26085662841797,-9.3017578125,-0.20067214965820312,-0.8754920959472656,99999.0,-4,2,3
240,160722,15,1225.854248046875,-204.7815399169922,18.789180755615234,-8.78217601776123,1.1185455322265625,-0.37484169006347656,99999.0,-1,5,3
241,160722,0,1679.8253173828125,-283.35260009765625,29.30568504333496,-0.027333704754710197,1.2979698181152344,-0.0010507740080356598,99999.0,-2,1,1
242,160722,1,870.0103149414062,-64.94044494628906,28.446590423583984,-4.77351713180542,1.2913703918457031,-1.1586952209472656,99999.0,-3,1,2
243,160722,2,1583.9642333984375,-287.11785888671875,28.12209129333496,0.28807467222213745,-0.6128883361816406,0.01142948865890503,22.77253112033195,-1,1,1
244,160722,3,-268.2937316894531,-48.8834114074707,0.0,0.0,0.0,0.0,99999.0,-4,1,2
245,160722,4,1615.6607666015625,-283.4699401855469,30.644229888916016,0.14252686500549316,1.3863754272460938,-0.26649102568626404,47.99039874149132,-2,1,2
246,160722,5,1679.7835693359375,-279.9440612792969,24.592878341674805,0.028973152860999107,1.5702629089355469,0.32326024770736694,99999.0,-3,1,2
247,160722,6,1564.3939208984375,-279.9465637207031,24.72141456604004,-0.113655686378479,0.2685737609863281,-1.2531683444976807,69.03477215046155,-3,1,1
248,160722,7,1619.03173828125,-286.94635009765625,26.58219337463379,0.05409591645002365,1.4822006225585938,-0.03030732274055481,-992.6916631914168,-1,1,1
249,160722,8,1361.3516845703125,-250.5120086669922,23.3365478515625,-6.777860641479492,1.5450286865234375,0.5384445190429688,99999.0,-3,2,2
250,160722,9,1718.892333984375,-286.8600769042969,26.68281364440918,0.004576681647449732,0.10244369506835938,-0.0043123867362737656,99999.0,-1,2,2
251,160722,10,977.9083251953125,-94.1336441040039,28.17562484741211,-8.617023468017578,-0.8778953552246094,-0.8973217010498047,99999.0,-2,2,3
252,160722,11,1608.1640625,-279.8588562011719,24.087623596191406,0.12066696584224701,0.8397865295410156,3.3165383338928223,-141.98961113480988,-3,2,2
253,160722,12,1536.35205078125,-275.7312316894531,25.099802017211914,-0.8724032640457153,1.6622543334960938,1.436767578125,99999.0,-4,2,2
254,160722,13,1527.034912109375,-278.7886962890625,26.381906509399414,-1.5915664434432983,-0.2548027038574219,0.7570385932922363,22.20132210738319,-3,2,1
255,160722,14,1020.2927856445312,-100.73060607910156,25.79026985168457,-9.228668212890625,-4.705867767333984,0.73089599609375,99999.0,-4,2,3
256,160723,15,1227.740478515625,-205.66392517089844,18.929012298583984,-8.86325454711914,1.3983154296875,-0.8107852935791016,99999.0,-1,5,3
257,160723,0,1682.7635498046875,-283.35528564453125,29.45035171508789,-0.022879330441355705,1.4466667175292969,0.04454374313354492,99999.0,-2,1,1
258,160723,1,872.8621826171875,-65.42324829101562,28.57325553894043,-4.897209167480469,1.2666511535644531,-1.2369203567504883,99999.0,-3,1,2
259,160723,2,1586.7730712890625,-287.0898132324219,28.06290054321289,0.27570343017578125,-0.5919075012207031,-0.12371242046356201,26.471039959290486,-1,1,1
260,160723,3,-268.2937316894531,-48.8834114074707,0.0,0.0,0.0,0.0,99999.0,-4,1,2
261,160723,4,1618.7283935546875,-283.4566955566406,30.64961814880371,0.11941859871149063,0.053882598876953125,-0.23108266294002533,53.455942719093585,-2,1,2
262,160723,5,1682.25146484375,-279.9400329589844,24.753087997436523,0.05740295350551605,1.6020965576171875,0.28429800271987915,99999.0,-3,1,2
263,160723,6,1566.8680419921875,-279.9482116699219,24.75715446472168,0.017341921105980873,0.35739898681640625,1.3099761009216309,81.41183011629653,-3,1,1
264,160723,7,1621.6982421875,-286.94110107421875,26.743532180786133,0.052389997988939285,1.6133880615234375,-0.01705918461084366,-4287.173215455141,-1,1,1
265,160723,8,1363.69482421875,-251.18788146972656,23.512243270874023,-6.7048234939575195,1.7569541931152344,0.7303714752197266,99999.0,-3,2,2
266,160723,9,1721.5657958984375,-286.8596496582031,26.76683235168457,0.0042303637601435184,0.8401870727539062,-0.003463178873062134,99999.0,-1,2,2
267,160723,10,980.7252807617188,-95.00018310546875,28.15846061706543,-8.715062141418457,-0.17164230346679688,-0.9803867340087891,99999.0,-2,2,3
268,160723,11,1610.58056640625,-279.85809326171875,24.22014808654785,0.0084956930950284,1.3252449035644531,-1.1217126846313477,-134.70996442554954,-3,2,2
269,160723,12,1538.86572265625,-275.81689453125,25.11648178100586,-0.8060011863708496,0.16679763793945312,0.6640207767486572,99999.0,-4,2,2
270,160723,13,1529.6715087890625,-278.9439697265625,26.356891632080078,-1.5051822662353516,-0.2501487731933594,0.8638417720794678,22.984608382534084,-3,2,1
271,160723,14,1022.8380737304688,-101.64537811279297,25.24867820739746,-9.137361526489258,-5.415916442871094,0.9130668640136719,99999.0,-4,2,3
272,160724,15,1229.6422119140625,-206.55421447753906,19.0935001373291,-8.941858291625977,1.6448783874511719,-0.7860374450683594,99999.0,-1,5,3
273,160724,0,1685.71728515625,-283.3575134277344,29.602828979492188,-0.018069926649332047,1.5247726440429688,0.04809403792023659,99999.0,-2,1,1
274,160724,1,875.7266235351562,-65.9183349609375,28.698942184448242,-5.020965099334717,1.256866455078125,-1.2375593185424805,99999.0,-3,1,2
275,160724,2,1589.576171875,-287.0636291503906,28.00710105895996,0.2514277398586273,-0.5579948425292969,-0.2427569031715393,31.769206663683725,-1,1,1
276,160724,3,-268.26763916015625,-48.88240432739258,-0.053328290581703186,0.019992662593722343,-0.5332828760147095,0.19992662966251373,99999.0,-4,1,2
277,160724,4,1621.7708740234375,-283.44561767578125,30.1856632232666,0.10009664297103882,-4.639549255371094,-0.19321955740451813,109.84115088702208,-2,1,2
278,160724,5,1684.7352294921875,-279.9335632324219,24.914520263671875,0.07679246366024017,1.6143226623535156,0.1938951015472412,99999.0,-3,1,2
279,160724,6,1569.3460693359375,-279.94744873046875,24.798017501831055,0.011573663912713528,0.40863037109375,-0.057682573795318604,101.80534457674844,-3,1,1
280,160724,7,1624.3818359375,-286.9359436035156,26.91152572631836,0.051404401659965515,1.6799354553222656,-0.009855963289737701,3988.1291501680953,-1,1,1
281,160724,8,1366.0555419921875,-251.8563232421875,23.6956729888916,-6.62946081161499,1.8342971801757812,0.753626823425293,99999.0,-3,2,2
282,160724,9,1724.2493896484375,-286.8592834472656,26.886478424072266,0.0039120027795434,1.1964607238769531,-0.0031836098060011864,99999.0,-1,2,2
283,160724,10,983.542724609375,-95.87710571289062,28.176971435546875,-8.822940826416016,0.18510818481445312,-1.078786849975586,99999.0,-2,2,3
284,160724,11,1613.0113525390625,-279.8509216308594,24.369064331054688,0.1415589153766632,1.4891624450683594,1.330632209777832,-131.71604610177164,-3,2,2
285,160724,12,1541.3541259765625,-275.89697265625,24.644386291503906,-0.7889704704284668,-4.720954895019531,0.17030715942382812,99999.0,-4,2,2
286,160724,13,1532.305908203125,-279.0901794433594,26.332250595092773,-1.4109387397766113,-0.24641036987304688,0.9424352645874023,23.915922403840813,-3,2,1
287,160724,14,1025.35205078125,-102.5596923828125,25.077178955078125,-9.186942100524902,-1.7149925231933594,-0.4958057403564453,99999.0,-4,2,3
288,160725,15,1231.5546875,-207.45034790039062,19.071556091308594,-8.946432113647461,-0.21944046020507812,-0.04573822021484375,99999.0,-1,5,3
289,160725,0,1688.6868896484375,-283.3591613769531,29.759267807006836,-0.012069538235664368,1.5643882751464844,0.06000388413667679,99999.0,-2,1,1
290,160725,1,878.6035766601562,-66.42605590820312,28.8226261138916,-5.149960994720459,1.2368392944335938,-1.2899589538574219,99999.0,-3,1,2
291,160725,2,1592.3739013671875,-287.0401611328125,27.955373764038086,0.221404030919075,-0.51727294921875,-0.30023708939552307,39.77326266324212,-1,1,1
292,160725,3,0.0,0.0,0.0,0.0,0.0,0.0,99999.0,-1,1,2
293,160725,4,1624.7545166015625,-283.4363098144531,29.63161277770996,0.0841328352689743,-5.540504455566406,-0.15963807702064514,-501.39151027970354,-2,1,2
294,160725,5,1687.23583984375,-279.92535400390625,25.076236724853516,0.08889283239841461,1.6171646118164062,0.12100368738174438,99999.0,-3,1,2
295,160725,6,1571.828369140625,-279.94537353515625,24.841264724731445,0.04124314337968826,0.43247222900390625,0.2966947853565216,131.28975267045737,-3,1,1
296,160725,7,1627.08251953125,-286.9308776855469,27.082714080810547,0.050723955035209656,1.711883544921875,-0.006804466247558594,1684.137509647543,-1,1,1
297,160725,8,1368.4351806640625,-252.51681518554688,23.88353729248047,-6.547412395477295,1.8786430358886719,0.8204841613769531,99999.0,-3,2,2
298,160725,9,1726.9459228515625,-286.85888671875,27.02340316772461,0.0036595435813069344,1.3692474365234375,-0.0025245919823646545,99999.0,-1,2,2
299,160725,10,986.3630981445312,-96.76497650146484,28.21541976928711,-8.934426307678223,0.38448333740234375,-1.1148548126220703,99999.0,-2,2,3
300,160725,11,1615.4560546875,-279.85406494140625,24.50896453857422,-0.18960756063461304,1.3990020751953125,-3.3116648197174072,-126.74904342095451,-3,2,2
301,160725,12,1543.785400390625,-275.9700622558594,24.121564865112305,-0.6961266398429871,-5.228214263916016,0.9284383058547974,99999.0,-4,2,2
302,160725,13,1534.937744140625,-279.22674560546875,26.307897567749023,-1.3127894401550293,-0.2435302734375,0.9814929962158203,24.97328266804556,-3,2,1
303,160725,14,1027.8585205078125,-103.48247528076172,25.04952049255371,-9.288070678710938,-0.2765846252441406,-1.0112857818603516,99999.0,-4,2,3
304,160726,15,1233.4482421875,-208.33872985839844,18.870492935180664,-8.859076499938965,-2.010631561279297,0.8735561370849609,99999.0,-1,5,3
305,160726,0,1691.6719970703125,-283.36016845703125,29.91753387451172,-0.0063989111222326756,1.5826606750488281,0.056706272065639496,99999.0,-2,1,1
306,160726,1,881.4927978515625,-66.94682312011719,28.944664001464844,-5.282201290130615,1.2203788757324219,-1.3224029541015625,99999.0,-3,1,2
307,160726,2,1595.1668701171875,-287.019775390625,27.908100128173828,0.18874625861644745,-0.4727363586425781,-0.32657772302627563,53.04810846974311,-1,1,1
308,160726,3,-268.2937316894531,-48.8834114074707,0.0,0.0,0.0,0.0,99999.0,-4,1,2
309,160726,4,1627.7060546875,-283.4284362792969,29.460834503173828,0.0722314789891243,-1.7077827453613281,-0.11901356279850006,-140.22075074548326,-2,1,2
310,160726,5,1689.74755859375,-279.91632080078125,25.090328216552734,0.09134228527545929,0.1409149169921875,0.024494528770446777,99999.0,-3,1,2
311,160726,6,1574.3150634765625,-279.9393310546875,24.886898040771484,0.09264291822910309,0.4563331604003906,0.5139977335929871,199.81074856213183,-3,1,1
312,160726,7,1629.8001708984375,-286.92578125,27.25523567199707,0.05009634420275688,1.7252159118652344,-0.0062761083245277405,1152.5245180032982,-1,1,1
313,160726,8,1370.833251953125,-253.16903686523438,24.072277069091797,-6.464349746704102,1.8873977661132812,0.8306264877319336,99999.0,-3,2,2
314,160726,9,1729.65625,-286.8584899902344,27.1685733795166,0.0034146765246987343,1.4517021179199219,-0.0024486705660820007,99999.0,-1,2,2
315,160726,10,989.1878051757812,-97.6641845703125,28.263961791992188,-9.050209999084473,0.48542022705078125,-1.1578369140625,99999.0,-2,2,3
316,160726,11,1617.916259765625,-279.8616027832031,24.668685913085938,-0.07346735894680023,1.5972137451171875,1.1614019870758057,-170.64871393545414,-3,2,2
317,160726,12,1546.1890869140625,-276.03680419921875,24.006418228149414,-0.6356205344200134,-1.1514663696289062,0.6050610542297363,99999.0,-4,2,2
318,160726,13,1537.5670166015625,-279.3528137207031,26.28412628173828,-1.2037644386291504,-0.23771286010742188,1.090250015258789,25.988291082013735,-3,2,1
319,160726,14,1030.3681640625,-104.41360473632812,25.11689567565918,-9.346917152404785,0.6737518310546875,-0.5884647369384766,99999.0,-4,2,3
320,160727,15,1235.33349609375,-209.22476196289062,18.847810745239258,-8.874483108520508,-0.2268218994140625,-0.1540660858154297,99999.0,-1,5,3
321,160727,0,1694.6727294921875,-283.360595703125,30.07646369934082,-0.001109250239096582,1.5892982482910156,0.05289660766720772,99999.0,-2,1,1
322,160727,1,884.3942260742188,-67.48101043701172,29.06483268737793,-5.418581008911133,1.2016868591308594,-1.3637971878051758,99999.0,-3,1,2
323,160727,2,1597.955322265625,-287.00262451171875,27.86545753479004,0.15686680376529694,-0.4264259338378906,-0.3187945485115051,79.06463500259483,-1,1,1
324,160727,3,-268.2937316894531,-48.8834114074707,0.0,0.0,0.0,0.0,99999.0,-4,1,2
325,160727,4,1630.6512451171875,-283.42156982421875,29.449302673339844,0.06435953080654144,-0.11531829833984375,-0.07871948182582855,-102.19747394415671,-2,1,2
326,160727,5,1692.2335205078125,-279.9072570800781,24.617860794067383,0.08779839426279068,-4.724674224853516,-0.035438910126686096,99999.0,-3,1,2
327,160727,6,1576.8065185546875,-279.9294128417969,24.935375213623047,0.12200676649808884,0.484771728515625,0.2936384677886963,378.5812955599735,-3,1,1
328,160727,7,1632.53515625,-286.92083740234375,27.428096771240234,0.04926977679133415,1.7286109924316406,-0.008265674114227295,903.131448677895,-1,1,1
329,160727,8,1373.2501220703125,-253.8127899169922,24.261043548583984,-6.379534721374512,1.887664794921875,0.8481502532958984,99999.0,-3,2,2
330,160727,9,1732.3812255859375,-286.85809326171875,27.317514419555664,0.0031932881101965904,1.489410400390625,-0.0022138841450214386,99999.0,-1,2,2
331,160727,10,992.0176391601562,-98.57515716552734,28.31751823425293,-9.169544219970703,0.5355644226074219,-1.1933422088623047,99999.0,-2,2,3
332,160727,11,1620.3917236328125,-279.8560791015625,24.820247650146484,0.1733710765838623,1.5156173706054688,2.468384265899658,355.57259044943726,-3,2,2
333,160727,12,1548.591064453125,-276.0981140136719,24.03716468811035,-0.5734001994132996,0.307464599609375,0.6222033500671387,99999.0,-4,2,2
334,160727,13,1540.1942138671875,-279.4713134765625,26.258241653442383,-1.1543145179748535,-0.2588462829589844,0.49449920654296875,27.36385588571318,-3,2,1
335,160727,14,1032.8846435546875,-105.35554504394531,25.19325065612793,-9.481293678283691,0.7635498046875,-1.3437652587890625,99999.0,-4,2,3
336,160728,15,1237.2158203125,-210.11062622070312,18.73406982421875,-8.821222305297852,-1.1374092102050781,0.5326080322265625,99999.0,-1,5,3
337,160728,0,1697.689208984375,-283.36053466796875,30.235403060913086,0.003226132597774267,1.5893936157226562,0.04335382953286171,99999.0,-2,1,1
338,160728,1,887.307373046875,-68.02897644042969,29.18330192565918,-5.5581254959106445,1.1846923828125,-1.3954448699951172,99999.0,-3,1,2
339,160728,2,1600.7398681640625,-286.98846435546875,27.82752227783203,0.1278446763753891,-0.3793525695800781,-0.29022127389907837,152.3395010849636,-1,1,1
340,160728,3,-268.2937316894531,-48.8834114074707,0.0,0.0,0.0,0.0,99999.0,-4,1,2
341,160728,4,1633.60009765625,-283.4153747558594,29.515018463134766,0.059479307383298874,0.6571578979492188,-0.04880223423242569,-89.06618937803324,-2,1,2
342,160728,5,1694.66162109375,-279.8988037109375,24.09300994873047,0.07992073148488998,-5.248508453369141,-0.07877662777900696,99999.0,-3,1,2
343,160728,6,1579.302734375,-279.91522216796875,24.98644256591797,0.16398639976978302,0.5106735229492188,0.419796347618103,10315.398645598194,-3,1,1
344,160728,7,1635.2874755859375,-286.9159240722656,27.60074234008789,0.04820936918258667,1.7264556884765625,-0.010604076087474823,752.3236097140393,-1,1,1
345,160728,8,1375.679931640625,-254.4521942138672,24.279823303222656,-6.363778114318848,0.18779754638671875,0.15756607055664062,99999.0,-3,2,2
346,160728,9,1735.120849609375,-286.8576965332031,27.46800994873047,0.0029718163423240185,1.5049552917480469,-0.0022147176787257195,99999.0,-1,2,2
347,160728,10,994.852783203125,-99.49823760986328,28.372953414916992,-9.29278564453125,0.554351806640625,-1.2324142456054688,99999.0,-2,2,3
348,160728,11,1622.883056640625,-279.8485107421875,24.98221778869629,0.08212512731552124,1.6197013854980469,-0.9124594926834106,80.85847949704097,-3,2,2
349,160728,12,1551.0008544921875,-276.1510009765625,24.13875961303711,-0.46287503838539124,1.0159492492675781,1.1052515506744385,99999.0,-4,2,2
350,160728,13,1542.818603515625,-279.5807189941406,26.234210968017578,-1.0429883003234863,-0.24030685424804688,1.1132621765136719,28.978665855437544,-3,2,1
351,160728,14,1035.410400390625,-106.3085708618164,25.299814224243164,-9.585809707641602,1.0656356811523438,-1.0451602935791016,99999.0,-4,2,3
352,160729,15,1239.07275390625,-210.98545837402344,18.490238189697266,-8.717437744140625,-2.4383163452148438,1.0378456115722656,99999.0,-1,5,3
353,160729,0,1700.72119140625,-283.36004638671875,30.393983840942383,0.006525056436657906,1.5858078002929688,0.03298923745751381,99999.0,-2,1,1
354,160729,1,890.2322387695312,-68.5910415649414,29.30008316040039,-5.700596809387207,1.1678123474121094,-1.424713134765625,99999.0,-3,1,2
355,160729,2,1603.520751953125,-286.9769592285156,27.79428482055664,0.10313023626804352,-0.33237457275390625,-0.2471444010734558,1613.3753898244677,-1,1,1
356,160729,3,-268.2937316894531,-48.8834114074707,0.0,0.0,0.0,0.0,99999.0,-4,1,2
357,160729,4,1636.5577392578125,-283.4095764160156,29.6187801361084,0.056905169039964676,1.0376167297363281,-0.02574138343334198,-82.86370592721994,-2,1,2
358,160729,5,1697.0625,-279.8911437988281,23.97694206237793,0.07094812393188477,-1.1606788635253906,-0.08972607553005219,99999.0,-3,1,2
359,160729,6,1581.804443359375,-279.8974914550781,25.04063606262207,0.19197377562522888,0.5419349670410156,0.2798737585544586,-473.7311814581984,-3,1,1
360,160729,7,1638.0570068359375,-286.9111633300781,27.772878646850586,0.04675750806927681,1.7213630676269531,-0.014518611133098602,648.6517391358224,-1,1,1
361,160729,8,1378.0870361328125,-255.0786895751953,23.84193992614746,-6.169810771942139,-4.378833770751953,1.9396734237670898,99999.0,-3,2,2
362,160729,9,1737.8763427734375,-286.85748291015625,27.618953704833984,0.0027483582962304354,1.5094375610351562,-0.002234580460935831,99999.0,-1,2,2
363,160729,10,997.6934814453125,-100.4338150024414,28.428632736206055,-9.419692993164062,0.556793212890625,-1.269073486328125,99999.0,-2,2,3
364,160729,11,1625.3900146484375,-279.8541564941406,25.132640838623047,-0.18380241096019745,1.5042304992675781,-2.659275531768799,62.121643321962175,-3,2,2
365,160729,12,1553.4227294921875,-276.1949157714844,24.273778915405273,-0.3796873092651367,1.3501930236816406,0.8318772912025452,99999.0,-4,2,2
366,160729,13,1545.4407958984375,-279.68255615234375,26.20907974243164,-0.9834930896759033,-0.251312255859375,0.5949521064758301,30.867882526421628,-3,2,1
367,160729,14,1037.9466552734375,-107.27298736572266,25.40757942199707,-9.709196090698242,1.0776519775390625,-1.2338638305664062,99999.0,-4,2,3
368,160730,15,1240.9190673828125,-211.85650634765625,18.453779220581055,-8.71730899810791,-0.3645896911621094,0.0012874603271484375,99999.0,-1,5,3
369,160730,0,1703.7689208984375,-283.3592834472656,30.5520076751709,0.008629594929516315,1.5802383422851562,0.0210453849285841,99999.0,-2,1,1
370,160730,1,893.16943359375,-69.16545867919922,29.423934936523438,-5.805151462554932,1.2385177612304688,-1.045546531677246,99999.0,-3,1,2
371,160730,2,1606.298583984375,-286.96759033203125,27.76580238342285,0.08335509896278381,-0.2848243713378906,-0.19775137305259705,-193.4792009400705,-1,1,1
372,160730,3,-268.26763916015625,-48.88240432739258,-0.053328290581703186,0.019992662593722343,-0.5332828760147095,0.19992662966251373,99999.0,-4,1,2
373,160730,4,1639.5267333984375,-283.40386962890625,29.741466522216797,0.05591929331421852,1.2268638610839844,-0.009858757257461548,-79.3482117014192,-2,1,2
374,160730,5,1699.461669921875,-279.8843994140625,24.00678253173828,0.061581090092659,0.2984046936035156,-0.09367033839225769,99999.0,-3,1,2
375,160730,6,1584.3072509765625,-279.87799072265625,24.97031593322754,0.19834037125110626,-0.7032012939453125,0.0636659562587738,-247.10690117397792,-3,1,1
376,160730,7,1640.84375,-286.9065246582031,27.94434928894043,0.04498797282576561,1.7147064208984375,-0.017695352435112,571.9445737577724,-1,1,1
377,160730,8,1380.4390869140625,-255.6847381591797,23.34758949279785,-5.983813762664795,-4.943504333496094,1.8599700927734375,99999.0,-3,2,2
378,160730,9,1740.6463623046875,-286.8572692871094,27.76980972290039,0.0025824394542723894,1.5085601806640625,-0.0016591884195804596,99999.0,-1,2,2
379,160730,10,1000.5400390625,-101.38133239746094,28.48969268798828,-9.532959938049316,0.6105995178222656,-1.132669448852539,99999.0,-2,2,3
380,160730,11,1627.9071044921875,-279.86199951171875,25.146757125854492,-0.07521476596593857,0.14116287231445312,1.08587646484375,62.87506755343623,-3,2,2
381,160730,12,1555.8582763671875,-276.2260437011719,24.423194885253906,-0.21597176790237427,1.4941596984863281,1.6371554136276245,99999.0,-4,2,2
382,160730,13,1548.060302734375,-279.7769470214844,26.185184478759766,-0.9020687937736511,-0.23895263671875,0.814242959022522,29.6822978179565,-3,2,1
383,160730,14,1040.4940185546875,-108.24954986572266,25.51905059814453,-9.833025932312012,1.1147117614746094,-1.2382984161376953,99999.0,-4,2,3
384,160731,15,1242.767333984375,-212.72889709472656,18.519365310668945,-8.73572063446045,0.6558609008789062,-0.18411636352539062,99999.0,-1,5,3
385,160731,0,1706.8321533203125,-283.3583068847656,30.709362030029297,0.009630626067519188,1.5735435485839844,0.010010311380028725,99999.0,-2,1,1
386,160731,1,896.1184692382812,-69.75272369384766,29.5391845703125,-5.9448747634887695,1.152496337890625,-1.397233009338379,99999.0,-3,1,2
387,160731,2,1609.073974609375,-286.96002197265625,27.742435455322266,0.0685475543141365,-0.23366928100585938,-0.14807544648647308,-180.82141895060312,-1,1,1
388,160731,3,0.0,0.0,0.0,0.0,0.0,0.0,99999.0,-1,1,3
389,160731,4,1642.5079345703125,-283.3982238769531,29.87347412109375,0.0559300035238266,1.3200759887695312,0.00010710209608078003,-77.04027874755307,-2,1,2
390,160731,5,1701.8682861328125,-279.87860107421875,24.107423782348633,0.052370354533195496,1.0064125061035156,-0.09210735559463501,99999.0,-3,1,2
391,160731,6,1586.7906494140625,-279.85736083984375,24.77191925048828,0.2110392302274704,-1.9839668273925781,0.12698858976364136,448.5700720045682,-3,1,1
392,160731,7,1643.6419677734375,-286.902099609375,27.93360710144043,0.04261528700590134,-0.107421875,-0.02372685819864273,99999.0,-1,1,1
393,160731,8,1382.766357421875,-256.2782897949219,23.251361846923828,-5.889604568481445,-0.9622764587402344,0.9420919418334961,99999.0,-3,2,2
394,160731,9,0.0,0.0,0.0,0.0,0.0,0.0,99999.0,-1,2,2
395,160731,10,1003.392333984375,-102.34107208251953,28.54612159729004,-9.659314155578613,0.5642890930175781,-1.2635421752929688,99999.0,-2,2,3
396,160731,11,1630.398681640625,-279.87005615234375,24.67470359802246,-0.09215955436229706,-4.7205352783203125,-0.1694478839635849,126.20053930831435,-3,2,2
397,160731,12,1558.3092041015625,-276.24359130859375,24.580286026000977,-0.09237474948167801,1.5709114074707031,1.235970139503479,99999.0,-4,2,2
398,160731,13,1550.6776123046875,-279.8622131347656,26.16179084777832,-0.799589991569519,-0.23393630981445312,1.0247880220413208,25.950968981192695,-3,2,1
399,160731,14,1043.0523681640625,-109.23897552490234,25.627904891967773,-9.966898918151855,1.0885429382324219,-1.3387298583984375,99999.0,-4,2,3
400,160732,15,1244.6241455078125,-213.60536193847656,18.61909294128418,-8.791366577148438,0.9972763061523438,-0.5564594268798828,99999.0,-1,5,3
401,160732,0,1709.90625,-283.3572998046875,30.693710327148438,0.009567182511091232,-0.15651702880859375,-0.0006344355642795563,99999.0,-2,1,1
402,160732,1,899.0792846679688,-70.35265350341797,29.657474517822266,-6.066606521606445,1.1828994750976562,-1.2173175811767578,99999.0,-3,1,2
403,160732,2,1611.8472900390625,-286.95367431640625,27.723539352416992,0.058327626436948776,-0.18896102905273438,-0.10219927877187729,84.43748019460547,-1,1,1
404,160732,3,-268.2937316894531,-48.8834114074707,0.0,0.0,0.0,0.0,99999.0,-4,1,3
405,160732,4,1645.5029296875,-283.3925476074219,30.009910583496094,0.05649036914110184,1.3643646240234375,0.00560365617275238,-94.29097816506187,-2,1,2
406,160732,5,1704.2869873046875,-279.8736877441406,24.241580963134766,0.04374320060014725,1.3415718078613281,-0.08627153933048248,99999.0,-3,1,2
407,160732,6,1589.263427734375,-279.83612060546875,24.710086822509766,0.21595972776412964,-0.6183242797851562,0.04920497536659241,77.74495515885846,-3,1,1
408,160732,7,1646.4071044921875,-286.89801025390625,27.314245223999023,0.03954938426613808,-6.1936187744140625,-0.0306590273976326,99999.0,-1,1,1
409,160732,8,1385.0933837890625,-256.8649597167969,23.297048568725586,-5.828151226043701,0.4568672180175781,0.6145334243774414,99999.0,-3,2,2
410,160732,9,-53.6937255859375,-59.3834114074707,0.0,0.0,0.0,0.0,99999.0,-1,2,2
411,160732,10,1006.2503662109375,-103.31305694580078,28.604015350341797,-9.780808448791504,0.5789375305175781,-1.2149429321289062,99999.0,-2,2,3
412,160732,11,1632.832275390625,-279.880126953125,24.14967918395996,-0.09601328521966934,-5.250244140625,-0.03853730857372284,-778.8327418384077,-3,2,2
413,160732,12,1560.7734375,-276.2783508300781,24.69402313232422,-0.5884321331977844,1.1373710632324219,-4.960574150085449,99999.0,-4,2,2
414,160732,13,1553.2923583984375,-279.93798828125,26.136722564697266,-0.7044833898544312,-0.2506828308105469,0.9510660171508789,25.237719821445936,-3,2,1
415,160732,14,1045.62158203125,-110.24195861816406,25.734989166259766,-10.105749130249023,1.0708427429199219,-1.3885021209716797,99999.0,-4,2,3
416,160733,15,1246.4930419921875,-214.48678588867188,18.74222755432129,-8.823348999023438,1.2313461303710938,-0.31982421875,99999.0,-1,5,3
417,160733,0,1712.947509765625,-283.3563537597656,30.083168029785156,0.008771153166890144,-6.1054229736328125,-0.00796029344201088,99999.0,-2,1,1
418,160733,1,902.0516967773438,-70.96510314941406,29.773094177246094,-6.195830345153809,1.1561965942382812,-1.2922382354736328,99999.0,-3,1,2
419,160733,2,1614.6185302734375,-286.9481506347656,27.70399284362793,0.05191771686077118,-0.195465087890625,-0.06409909576177597,30.992164433730313,-1,1,1
420,160733,3,-268.2937316894531,-48.8834114074707,0.0,0.0,0.0,0.0,99999.0,-4,1,3
421,160733,4,1648.511474609375,-283.38690185546875,30.148319244384766,0.057268623262643814,1.3840866088867188,0.007782541215419769,990.1404063469759,-2,1,2
422,160733,5,1706.7193603515625,-279.8695983886719,24.39156150817871,0.0358940027654171,1.4998054504394531,-0.07849197834730148,99999.0,-3,1,2
423,160733,6,1591.73291015625,-279.83416748046875,24.688295364379883,-0.14101050794124603,-0.21791458129882812,-3.569702625274658,66.4075986957028,-3,1,1
424,160733,7,1649.095458984375,-286.8942565917969,26.591554641723633,0.036141082644462585,-7.226905822753906,-0.03408301621675491,99999.0,-1,1,1
425,160733,8,1387.429931640625,-257.4461975097656,23.414113998413086,-5.771800518035889,1.170654296875,0.563507080078125,99999.0,-3,2,2
426,160733,9,-53.6937255859375,-59.3834114074707,0.0,0.0,0.0,0.0,99999.0,-1,2,2
427,160733,10,1009.1141357421875,-104.29734802246094,28.660118103027344,-9.905922889709473,0.5610275268554688,-1.2511444091796875,99999.0,-2,2,3
428,160733,11,1635.2388916015625,-279.8896179199219,24.033159255981445,-0.07940057665109634,-1.1651992797851562,0.16612708568572998,-199.7807414345451,-3,2,2
429,160733,12,1563.249755859375,-276.3097839355469,24.821109771728516,-0.11608186364173889,1.2708663940429688,4.7235026359558105,99999.0,-4,2,2
430,160733,13,1555.904541015625,-280.0027160644531,26.10917091369629,-0.5837223529815674,-0.2755165100097656,1.2076103687286377,25.293659124903108,-3,2,1
431,160733,14,1048.201171875,-111.25918579101562,25.838836669921875,-10.251465797424316,1.0384750366210938,-1.4571666717529297,99999.0,-4,2,3
432,160734,15,1248.3704833984375,-215.37030029296875,18.80824851989746,-8.832399368286133,0.6602096557617188,-0.09050369262695312,99999.0,-1,5,3
433,160734,0,1715.912353515625,-283.3555908203125,29.349300384521484,0.0073701124638319016,-7.338676452636719,-0.014010407030582428,99999.0,-2,1,1
434,160734,1,905.0355834960938,-71.59043884277344,29.88749122619629,-6.3261942863464355,1.1439704895019531,-1.3036394119262695,99999.0,-3,1,2
435,160734,2,1617.387451171875,-286.9430847167969,27.676252365112305,0.04846060276031494,-0.27740478515625,-0.03457114100456238,26.254674954372984,-1,1,1
436,160734,3,-268.2937316894531,-48.8834114074707,0.0,0.0,0.0,0.0,99999.0,-4,1,3
437,160734,4,1651.5340576171875,-283.381103515625,30.287425994873047,0.05806846171617508,1.3910675048828125,0.007998384535312653,68.70201363022723,-2,1,2
438,160734,5,1709.1671142578125,-279.86627197265625,24.54884147644043,0.028961187228560448,1.5727996826171875,-0.06932815909385681,99999.0,-3,1,2
439,160734,6,1594.20263671875,-279.8429260253906,24.704797744750977,-0.12023675441741943,0.1650238037109375,0.207737535238266,67.64830001277218,-3,1,1
440,160734,7,1651.739990234375,-286.8907165527344,26.36781883239746,0.0328822135925293,-2.2373580932617188,-0.032588690519332886,99999.0,-1,1,1
441,160734,8,1389.779541015625,-258.0218811035156,23.565587997436523,-5.714288234710693,1.514739990234375,0.5751228332519531,99999.0,-3,2,2
442,160734,9,-53.6937255859375,-59.3834114074707,0.0,0.0,0.0,0.0,99999.0,-1,2,2
443,160734,10,1011.9833374023438,-105.29427337646484,28.71469497680664,-10.033591270446777,0.5457687377929688,-1.2766838073730469,99999.0,-2,2,3
444,160734,11,1637.6439208984375,-279.8966369628906,24.062633514404297,-0.04958507791161537,0.2947425842285156,0.2981549799442291,-147.3537873705931,-3,2,2
445,160734,12,1565.7401123046875,-276.3375244140625,24.974695205688477,-0.3766940236091614,1.5358543395996094,-2.60612154006958,99999.0,-4,2,2
446,160734,13,1558.513671875,-280.0549621582031,26.079322814941406,-0.4528152346611023,-0.2984809875488281,1.3090711832046509,26.087128334140775,-3,2,1
447,160734,14,1050.7869873046875,-112.28948974609375,25.810495376586914,-10.350003242492676,-0.2834129333496094,-0.9853744506835938,99999.0,-4,2,3
448,160735,15,1250.2568359375,-216.2553253173828,18.922550201416016,-8.854328155517578,1.1430168151855469,-0.21928787231445312,99999.0,-1,5,3
449,160735,0,1718.8306884765625,-283.3548889160156,29.091825485229492,0.005320048425346613,-2.574748992919922,-0.02050064131617546,99999.0,-2,1,1
450,160735,1,908.0308227539062,-72.22907257080078,29.999589920043945,-6.462246417999268,1.1209869384765625,-1.3605213165283203,99999.0,-3,1,2
451,160735,2,1620.153076171875,-286.93829345703125,27.638246536254883,0.04704030975699425,-0.38005828857421875,-0.01420293003320694,26.394915665663824,-1,1,1
452,160735,3,-268.2937316894531,-48.8834114074707,0.0,0.0,0.0,0.0,99999.0,-4,1,3
453,160735,4,1654.5704345703125,-283.3752746582031,30.426551818847656,0.058758385479450226,1.3912582397460938,0.006899237632751465,48.199462403237455,-2,1,2
454,160735,5,1711.63037109375,-279.86358642578125,24.70932388305664,0.022994350641965866,1.6048240661621094,-0.059668365865945816,99999.0,-3,1,2
455,160735,6,1596.6746826171875,-279.8642578125,24.73113441467285,-0.28544023633003235,0.26336669921875,-1.6520347595214844,76.34396482277121,-3,1,1
456,160735,7,1654.3739013671875,-286.8874206542969,26.341754913330078,0.030282143503427505,-0.2606391906738281,-0.026000700891017914,99999.0,-1,1,1
457,160735,8,1392.145263671875,-258.5915832519531,23.734439849853516,-5.6502203941345215,1.6885185241699219,0.6406784057617188,99999.0,-3,2,2
458,160735,9,-53.6937255859375,-59.3834114074707,0.0,0.0,0.0,0.0,99999.0,-1,2,2
459,160735,10,1014.8580322265625,-106.30416107177734,28.767099380493164,-10.165311813354492,0.5240440368652344,-1.3172054290771484,99999.0,-2,2,3
460,160735,11,1640.05615234375,-279.90032958984375,24.16289710998535,-0.013107042759656906,1.0026359558105469,0.36478036642074585,-131.2080772117214,-3,2,2
461,160735,12,1568.2469482421875,-276.3714294433594,25.13909912109375,-0.3137827217578888,1.6440391540527344,0.6291130185127258,99999.0,-4,2,2
462,160735,13,1561.1197509765625,-280.0945739746094,26.04792022705078,-0.32958805561065674,-0.31402587890625,1.2322717905044556,26.96426291729612,-3,2,1
463,160735,14,1053.3453369140625,-113.3197250366211,25.338932037353516,-10.268073081970215,-4.715633392333984,0.8193016052246094,99999.0,-4,2,3
464,160736,15,1252.1572265625,-217.14317321777344,19.084516525268555,-8.881471633911133,1.6196632385253906,-0.2714347839355469,99999.0,-1,5,3
465,160736,0,1721.7349853515625,-283.35430908203125,29.036684036254883,0.0033813887275755405,-0.5514144897460938,-0.019386596977710724,99999.0,-2,1,1
466,160736,1,911.032958984375,-72.8805923461914,29.980520248413086,-6.574233055114746,-0.19069671630859375,-1.1198663711547852,99999.0,-3,1,2
467,160736,2,1622.91455078125,-286.9335632324219,27.59330177307129,0.04685824736952782,-0.4494476318359375,-0.0018206238746643066,28.919739605072007,-1,1,1
468,160736,3,-268.26763916015625,-48.88240432739258,-0.053328290581703186,0.019992662593722343,-0.5332828760147095,0.19992662966251373,99999.0,-4,1,3
469,160736,4,1657.6207275390625,-283.3694152832031,30.56534767150879,0.05931911990046501,1.3879585266113281,0.005607344210147858,41.989022533875776,-2,1,2
470,160736,5,1714.1104736328125,-279.8614807128906,24.871009826660156,0.017921000719070435,1.6168594360351562,-0.050733499228954315,99999.0,-3,1,2
471,160736,6,1599.1490478515625,-279.8764343261719,24.752166748046875,0.015171587467193604,0.21032333374023438,3.0061182975769043,95.12945275173462,-3,1,1
472,160736,7,1657.0111083984375,-286.8843994140625,26.414297103881836,0.02835170365869999,0.7254219055175781,-0.019304398447275162,99999.0,-1,1,1
473,160736,8,1394.528076171875,-259.1545104980469,23.911876678466797,-5.579357624053955,1.7743682861328125,0.7086277008056641,99999.0,-3,2,2
474,160736,9,-53.6937255859375,-59.3834114074707,-3.4629947798237026e-09,-7.290199732779001e-08,-3.4629948686415446e-08,-7.290199732779001e-07,99999.0,-1,2,2
475,160736,10,1017.7377319335938,-107.32740020751953,28.817447662353516,-10.300602912902832,0.5034828186035156,-1.3529109954833984,99999.0,-2,2,3
476,160736,11,1642.48046875,-279.9002380371094,24.296667098999023,0.02427552454173565,1.3376998901367188,0.37382566928863525,-124.9278396392148,-3,2,2
477,160736,12,1570.76513671875,-276.4002990722656,25.1546630859375,-0.25277218222618103,0.1556396484375,0.6101053953170776,99999.0,-4,2,2
478,160736,13,1563.72265625,-280.12213134765625,26.01535987854004,-0.21551670134067535,-0.3256034851074219,1.1407135725021362,28.02623216898912,-3,2,1
479,160736,14,1055.846923828125,-114.33441925048828,24.82328987121582,-10.102753639221191,-5.156421661376953,1.6531944274902344,99999.0,-4,2,3
480,160737,15,1254.06884765625,-218.03138732910156,19.0770206451416,-8.824651718139648,-0.07495880126953125,0.5681991577148438,99999.0,-1,5,3
481,160737,0,1724.64013671875,-283.35400390625,29.08536720275879,0.001869275700300932,0.4868316650390625,-0.015121130272746086,99999.0,-2,1,1
482,160737,1,914.008056640625,-73.53765869140625,29.5032901763916,-6.58275032043457,-4.772300720214844,-0.08517265319824219,99999.0,-3,1,2
483,160737,2,1625.6710205078125,-286.9288330078125,27.54523468017578,0.04719828814268112,-0.4806709289550781,0.0034004077315330505,33.68712745503915,-1,1,1
484,160737,3,0.0,0.0,0.0,0.0,0.0,0.0,99999.0,-1,1,3
485,160737,4,1660.6805419921875,-283.3635559082031,30.57076644897461,0.05948676913976669,0.054187774658203125,0.0016764923930168152,43.10789609862643,-2,1,2
486,160737,5,1716.6063232421875,-279.85986328125,25.032941818237305,0.013760100118815899,1.6193199157714844,-0.04160900413990021,99999.0,-3,1,2
487,160737,6,1601.6265869140625,-279.8829345703125,24.79033851623535,-0.044858090579509735,0.3817176818847656,-0.6002967953681946,125.81885809312638,-3,1,1
488,160737,7,1659.6585693359375,-286.8816223144531,26.536317825317383,0.026849502697587013,1.2202072143554688,-0.01502200961112976,99999.0,-1,1,1
489,160737,8,1396.9288330078125,-259.7100524902344,24.09366226196289,-5.501179218292236,1.8178558349609375,0.7817840576171875,99999.0,-3,2,2
490,160737,9,-53.69245529174805,-59.383270263671875,-0.002816698979586363,-0.001537037780508399,-0.028166955336928368,-0.015369649045169353,99999.0,-1,2,2
491,160737,10,1020.6188354492188,-108.36309051513672,28.761131286621094,-10.401168823242188,-0.5631637573242188,-1.0056591033935547,99999.0,-2,2,3
492,160737,11,1644.9190673828125,-279.8964538574219,24.446252822875977,0.0597643181681633,1.4958572387695312,0.3548879027366638,-122.39647067237908,-3,2,2
493,160737,12,1573.2578125,-276.4239501953125,24.683170318603516,-0.19719545543193817,-4.714927673339844,0.555767297744751,99999.0,-4,2,2
494,160737,13,1566.322265625,-280.13885498046875,25.981901168823242,-0.1163034662604332,-0.33458709716796875,0.9921323657035828,29.62398010777749,-3,2,1
495,160737,14,1058.3179931640625,-115.34578704833984,24.650480270385742,-10.145719528198242,-1.7280960083007812,-0.4296588897705078,99999.0,-4,2,3
496,160738,15,1255.96337890625,-218.906005859375,18.896987915039062,-8.678521156311035,-1.8003273010253906,1.4613056182861328,99999.0,-1,5,3
497,160738,0,1727.5535888671875,-283.3537902832031,29.187108993530273,0.0008325838716700673,1.0174179077148438,-0.01036691851913929,99999.0,-2,1,1
498,160738,1,916.9231567382812,-74.19284057617188,28.936344146728516,-6.574624061584473,-5.669460296630859,0.08126258850097656,99999.0,-3,1,2
499,160738,2,1628.4229736328125,-286.9241027832031,27.49703598022461,0.04755425825715065,-0.48198699951171875,0.003559701144695282,41.71449614275897,-1,1,1
500,160738,3,-268.2937316894531,-48.8834114074707,0.0,0.0,0.0,0.0,99999.0,-4,1,3
501,160738,4,1663.715087890625,-283.3576965332031,30.106645584106445,0.058662328869104385,-4.641208648681641,-0.008244402706623077,69.42464457728862,-2,1,2
502,160738,5,1719.113525390625,-279.8586120605469,25.04709243774414,0.010061221197247505,0.14150619506835938,-0.03698878735303879,99999.0,-3,1,2
503,160738,6,1604.10791015625,-279.8783874511719,24.83101463317871,0.12239116430282593,0.40676116943359375,1.6724926233291626,189.87321915858314,-3,1,1
504,160738,7,1662.320068359375,-286.8789978027344,26.683855056762695,0.02554040215909481,1.475372314453125,-0.013091005384922028,99999.0,-1,1,1
505,160738,8,1399.34375,-260.2737731933594,24.195858001708984,-5.739628314971924,1.0219573974609375,-2.384490966796875,99999.0,-3,2,2
506,160738,9,-53.69219207763672,-59.38327407836914,0.0006144862272776663,0.0011932901106774807,0.03431185334920883,0.02730327844619751,99999.0,-1,2,2
507,160738,10,1023.4739379882812,-109.4012451171875,28.3372802734375,-10.364983558654785,-4.2385101318359375,0.36185264587402344,99999.0,-2,2,3
508,160738,11,1647.373046875,-279.88922119140625,24.603151321411133,0.09136716276407242,1.5689849853515625,0.3160284459590912,-161.87254299622217,-3,2,2
509,160738,12,1575.6920166015625,-276.4413757324219,24.158369064331055,-0.13000847399234772,-5.248012542724609,0.6718698143959045,99999.0,-4,2,2
510,160738,13,1568.918701171875,-280.1448059082031,25.947948455810547,-0.0028979608323425055,-0.3395271301269531,1.1340550184249878,31.50575836407329,-3,2,1
511,160738,14,1060.782470703125,-116.36298370361328,24.633819580078125,-10.211987495422363,-0.16660690307617188,-0.6626796722412109,99999.0,-4,2,3
512,160739,15,1257.8521728515625,-219.77157592773438,18.90723419189453,-8.61661148071289,0.1024627685546875,0.6190967559814453,99999.0,-1,5,3
513,160739,0,1730.4791259765625,-283.3537902832031,29.316829681396484,-3.571018896764144e-05,1.2972068786621094,-0.008682940155267715,99999.0,-2,1,1
514,160739,1,919.804443359375,-74.85205078125,28.744258880615234,-6.643026351928711,-1.9208526611328125,-0.6840229034423828,99999.0,-3,1,2
515,160739,2,1631.170166015625,-286.9194030761719,27.45079231262207,0.047571565955877304,-0.4624366760253906,0.00017307698726654053,55.8402436492002,-1,1,1
516,160739,3,-268.2937316894531,-48.8834114074707,0.0,0.0,0.0,0.0,99999.0,-4,1,3
517,160739,4,1666.69091796875,-283.35302734375,29.55291748046875,0.03386622667312622,-5.537281036376953,-0.24796101450920105,270.188498763912,-2,1,2
518,160739,5,1721.59521484375,-279.8576965332031,24.574525833129883,0.007205395959317684,-4.725666046142578,-0.02855825237929821,99999.0,-3,1,2
519,160739,6,1606.5933837890625,-279.8622131347656,24.87603759765625,0.19792355597019196,0.4502296447753906,0.7553238868713379,383.44594571742624,-3,1,1
520,160739,7,1664.997314453125,-286.8766784667969,26.844572067260742,0.019825320690870285,1.6071701049804688,-0.057150814682245255,99999.0,-1,1,1
521,160739,8,1401.7742919921875,-260.8380432128906,24.387855529785156,-5.6154937744140625,1.9199752807617188,1.2413454055786133,99999.0,-3,2,2
522,160739,9,-53.69272994995117,-59.383270263671875,0.001705095754005015,0.0019700294360518456,0.010906094685196877,0.0077673932537436485,99999.0,-1,2,2
523,160739,10,1026.276611328125,-110.43207550048828,27.835538864135742,-10.303140640258789,-5.017414093017578,0.6184291839599609,99999.0,-2,2,3
524,160739,11,1649.8426513671875,-279.8790283203125,24.763246536254883,0.11861225962638855,1.6009521484375,0.2724509835243225,380.8483586675291,-3,2,2
525,160739,12,1578.0994873046875,-276.451416015625,24.041643142700195,-0.05467483773827553,-1.1672592163085938,0.7533364295959473,99999.0,-4,2,2
526,160739,13,1571.51171875,-280.142578125,25.914878845214844,0.05825265869498253,-0.33069610595703125,0.6115061640739441,33.76979429066645,-3,2,1
527,160739,14,1063.2493896484375,-117.38893127441406,24.682939529418945,-10.311816215515137,0.4911994934082031,-0.9982872009277344,99999.0,-4,2,3
528,160740,15,1259.747314453125,-220.63319396972656,19.014415740966797,-8.59552001953125,1.0718154907226562,0.21091461181640625,99999.0,-1,5,3
529,160740,0,1733.4190673828125,-283.35382080078125,29.461421966552734,-0.0006434450042434037,1.4459228515625,-0.006077348254621029,99999.0,-2,1,1
530,160740,1,922.677001953125,-75.52006530761719,28.71033477783203,-6.732781887054443,-0.33924102783203125,-0.8975553512573242,99999.0,-3,1,2
531,160740,2,1633.9127197265625,-286.9147033691406,27.407814025878906,0.04706312716007233,-0.4297828674316406,-0.005084387958049774,85.39821226358194,-1,1,1
532,160740,3,-268.2937316894531,-48.8834114074707,0.0,0.0,0.0,0.0,99999.0,-4,1,3
533,160740,4,1669.634765625,-283.3493957519531,29.38286018371582,0.03114141896367073,-1.7005729675292969,-0.0272480770945549,-811.8998761805703,-2,1,2
534,160740,5,1724.0186767578125,-279.8570556640625,24.049896240234375,0.0050290958024561405,-5.246295928955078,-0.021763000637292862,99999.0,-3,1,2
535,160740,6,1609.083740234375,-279.8376159667969,24.92386245727539,0.2762415409088135,0.47824859619140625,0.7831798791885376,-62286.60988979116,-3,1,1
536,160740,7,1667.69091796875,-286.87469482421875,27.011991500854492,0.019016975536942482,1.6741943359375,-0.00808345153927803,99999.0,-1,1,1
537,160740,8,1404.2164306640625,-261.40386962890625,24.390438079833984,-5.6696600914001465,0.02582550048828125,-0.5416631698608398,99999.0,-3,2,2
538,160740,9,-53.69334030151367,-59.38323211669922,0.0013504044618457556,0.0012562553165480494,-0.003546912921592593,-0.007137740962207317,99999.0,-1,2,2
539,160740,10,1029.047119140625,-111.46260833740234,27.62464141845703,-10.333253860473633,-2.1089744567871094,-0.3011322021484375,99999.0,-2,2,3
540,160740,11,1652.3277587890625,-279.8662109375,24.924556732177734,0.1420888900756836,1.6131019592285156,0.23476630449295044,82.10310222559467,-3,2,2
541,160740,12,1580.5054931640625,-276.4542541503906,24.070724487304688,0.013089385814964771,0.2908134460449219,0.6776422262191772,99999.0,-4,2,2
542,160740,13,1574.101318359375,-280.1329345703125,25.882341384887695,0.13544322550296783,-0.3253746032714844,0.7719056606292725,36.49761999048792,-3,2,1
543,160740,14,1065.722900390625,-118.42582702636719,24.762306213378906,-10.43093490600586,0.7936668395996094,-1.1911869049072266,99999.0,-4,2,3
544,160741,15,1261.6497802734375,-221.49159240722656,18.975732803344727,-8.51877498626709,-0.3868293762207031,0.7674503326416016,99999.0,-1,5,3
545,160741,0,1736.372802734375,-283.3539123535156,29.613834381103516,-0.0011407133424654603,1.5241241455078125,-0.0049726832658052444,99999.0,-2,1,1
546,160741,1,925.5508422851562,-76.19901275634766,28.74859046936035,-6.851594924926758,0.3825569152832031,-1.1881303787231445,99999.0,-3,1,2
547,160741,2,1636.6514892578125,-286.9100036621094,27.368818283081055,0.04594441130757332,-0.3899574279785156,-0.011187158524990082,181.41175506356996,-1,1,1
548,160741,3,-268.2937316894531,-48.8834114074707,0.0,0.0,0.0,0.0,99999.0,-4,1,3
549,160741,4,1672.5721435546875,-283.3468933105469,29.37191390991211,0.016620833426713943,-0.10946273803710938,-0.14520585536956787,-263.72575609448035,-2,1,2
550,160741,5,1726.41552734375,-279.8566589355469,23.934232711791992,0.0033931483048945665,-1.1566352844238281,-0.016359474509954453,99999.0,-3,1,2
551,160741,6,1611.5782470703125,-279.82635498046875,24.962371826171875,-0.039846744388341904,0.38509368896484375,-3.1608829498291016,-349.54993756840497,-3,1,1
552,160741,7,1670.4013671875,-286.8729248046875,27.18264389038086,0.01522121299058199,1.7065238952636719,-0.03795762360095978,99999.0,-1,1,1
553,160741,8,1406.6334228515625,-261.9627990722656,23.94298553466797,-5.506648063659668,-4.474525451660156,1.6301202774047852,99999.0,-3,2,2
554,160741,9,-53.6937141418457,-59.38321304321289,0.0006693087634630501,0.0005074351211078465,-0.006810957100242376,-0.007488201837986708,99999.0,-1,2,2
555,160741,10,1031.8040771484375,-112.50004577636719,27.530717849731445,-10.419576644897461,-0.9392356872558594,-0.8632278442382812,99999.0,-2,2,3
556,160741,11,1654.82861328125,-279.8511962890625,25.086103439331055,0.16293588280677795,1.6154670715332031,0.2084699273109436,62.253811813641725,-3,2,2
557,160741,12,1582.91845703125,-276.4506530761719,24.1706485748291,0.07322438806295395,0.9992408752441406,0.6013500094413757,99999.0,-4,2,2
558,160741,13,1576.687744140625,-280.1180114746094,25.85128402709961,0.17078176140785217,-0.3105735778808594,0.3533853590488434,39.25054179201179,-3,2,1
559,160741,14,1068.2054443359375,-119.4740982055664,24.863327026367188,-10.543261528015137,1.0102081298828125,-1.1232662200927734,99999.0,-4,2,3
560,160742,15,1263.5333251953125,-222.3346405029297,18.78642463684082,-8.355206489562988,-1.8930816650390625,1.6356849670410156,99999.0,-1,5,3
561,160742,0,1739.34228515625,-283.3541259765625,29.770206451416016,-0.0014377551851794124,1.563720703125,-0.0029704184271395206,99999.0,-2,1,1
562,160742,1,928.4307861328125,-76.88947296142578,28.82668113708496,-6.967397689819336,0.7809066772460938,-1.1580276489257812,99999.0,-3,1,2
563,160742,2,1639.3863525390625,-286.9054870605469,27.334184646606445,0.04423912242054939,-0.34633636474609375,-0.017052888870239258,-1650.381653770572,-1,1,1
564,160742,3,-268.26763916015625,-48.88240432739258,-0.053328290581703186,0.019992662593722343,-0.5332828760147095,0.19992662966251373,99999.0,-4,1,3
565,160742,4,1675.513427734375,-283.3456115722656,29.438119888305664,0.007155315019190311,0.6620597839355469,-0.09465518593788147,-192.20545750075897,-2,1,2
566,160742,5,1728.8109130859375,-279.8563537597656,23.964345932006836,0.0024623104836791754,0.3011322021484375,-0.009308378212153912,99999.0,-3,1,2
567,160742,6,1614.0775146484375,-279.82464599609375,25.016691207885742,-0.01578492484986782,0.5431938171386719,0.24061819911003113,-521.5460670023683,-3,1,1
568,160742,7,1673.1290283203125,-286.8714904785156,27.354644775390625,0.013071684166789055,1.7200088500976562,-0.021495288237929344,99999.0,-1,1,1
569,160742,8,1408.99560546875,-262.5028076171875,23.449960708618164,-5.306924819946289,-4.930248260498047,1.997232437133789,99999.0,-3,2,2
570,160742,9,-53.69385528564453,-59.38319778442383,0.00015398011601064354,8.58726998558268e-05,-0.00515328673645854,-0.004215624183416367,99999.0,-1,2,2
571,160742,10,1034.5562744140625,-113.54683685302734,27.507247924804688,-10.517064094543457,-0.23469924926757812,-0.9748744964599609,99999.0,-2,2,3
572,160742,11,1657.341064453125,-279.8394775390625,25.09964370727539,0.0760832279920578,0.13540267944335938,-0.8685265779495239,63.05948526854641,-3,2,2
573,160742,12,1585.343505859375,-276.4413757324219,24.304134368896484,0.12343059480190277,1.3348579406738281,0.5020620822906494,99999.0,-4,2,2
574,160742,13,1579.2713623046875,-280.09942626953125,25.8214054107666,0.20292669534683228,-0.2987861633300781,0.321449339389801,43.252553910623796,-3,2,1
575,160742,14,1070.6976318359375,-120.53531646728516,24.959259033203125,-10.686851501464844,0.959320068359375,-1.4358997344970703,99999.0,-4,2,3
